0,0
1,0.00972684
2,0.0189943
3,0.0273551
4,0.0343862
5,0.0396985
6,0.0429486
7,0.0438494
8,0.0421759
9,0.0377733
10,0.0305612
11,0.0205395
12,0.00778863
13,-0.00753112
14,-0.0251806
15,-0.0448445
16,-0.0661395
17,-0.0886199
18,-0.111786
19,-0.135094
20,-0.157968
21,-0.179816
22,-0.200035
23,-0.218033
24,-0.233229
25,-0.245087
26,-0.253118
27,-0.256887
28,-0.25603
29,-0.250266
30,-0.239412
31,-0.223376
32,-0.202173
33,-0.175917
34,-0.144841
35,-0.109285
36,-0.0696885
37,-0.0265944
38,0.0193631
39,0.0674647
40,0.116921
41,0.166883
42,0.216455
43,0.264712
44,0.310723
45,0.353559
46,0.392314
47,0.426111
48,0.454152
49,0.475709
50,0.490141
51,0.496914
52,0.495604
53,0.485944
54,0.467789
55,0.441146
56,0.406161
57,0.363148
58,0.312573
59,0.255045
60,0.191313
61,0.122254
62,0.0488782
63,-0.0277088
64,-0.106311
65,-0.185661
66,-0.264439
67,-0.341304
68,-0.414909
69,-0.483923
70,-0.547044
71,-0.603057
72,-0.650831
73,-0.689341
74,-0.71769
75,-0.735116
76,-0.741058
77,-0.735117
78,-0.717083
79,-0.686931
80,-0.644859
81,-0.591271
82,-0.526769
83,-0.452146
84,-0.368376
85,-0.276633
86,-0.178236
87,-0.0746452
88,0.0325616
89,0.141706
90,0.251045
91,0.358796
92,0.463162
93,0.562353
94,0.654644
95,0.738387
96,0.812038
97,0.874184
98,0.923552
99,0.959102
100,0.979978
101,0.985546
102,0.975394
103,0.937836
104,0.885773
105,0.820093
106,0.74189
107,0.652434
108,0.553204
109,0.445806
110,0.331963
111,0.213488
112,0.0922638
113,-0.0297907
114,-0.150759
115,-0.268752
116,-0.381927
117,-0.488535
118,-0.586943
119,-0.67565
120,-0.753317
121,-0.818759
122,-0.871035
123,-0.909394
124,-0.933308
125,-0.942465
126,-0.936793
127,-0.916476
128,-0.88191
129,-0.833711
130,-0.772685
131,-0.699875
132,-0.616491
133,-0.523892
134,-0.423578
135,-0.317155
136,-0.206339
137,-0.0928876
138,0.0214068
139,0.134747
140,0.245357
141,0.35152
142,0.451598
143,0.544054
144,0.627463
145,0.700582
146,0.762323
147,0.811781
148,0.848239
149,0.87119
150,0.880367
151,0.875702
152,0.857346
153,0.825642
154,0.78118
155,0.724733
156,0.657255
157,0.579862
158,0.493813
159,0.400524
160,0.301498
161,0.198318
162,0.0926244
163,-0.0139077
164,-0.119602
165,-0.222806
166,-0.321919
167,-0.415399
168,-0.501819
169,-0.57987
170,-0.648376
171,-0.706315
172,-0.75283
173,-0.787275
174,-0.809183
175,-0.818285
176,-0.814496
177,-0.797966
178,-0.769038
179,-0.72824
180,-0.676281
181,-0.614028
182,-0.542541
183,-0.462996
184,-0.376689
185,-0.28501
186,-0.189432
187,-0.0914841
188,0.00728503
189,0.105322
190,0.201091
191,0.293103
192,0.379942
193,0.460279
194,0.532892
195,0.596682
196,0.650717
197,0.694212
198,0.726554
199,0.747292
200,0.756183
201,0.753172
202,0.738384
203,0.712128
204,0.677103
205,0.631454
206,0.575896
207,0.5113
208,0.438673
209,0.359155
210,0.274002
211,0.184549
212,0.092199
213,-0.00160067
214,-0.095374
215,-0.18765
216,-0.276982
217,-0.361967
218,-0.441262
219,-0.513632
220,-0.577942
221,-0.633183
222,-0.678476
223,-0.713114
224,-0.73656
225,-0.748449
226,-0.748593
227,-0.736966
228,-0.713774
229,-0.679382
230,-0.634329
231,-0.579313
232,-0.515195
233,-0.442994
234,-0.36384
235,-0.278976
236,-0.189727
237,-0.0975002
238,-0.00374421
239,0.0900711
240,0.182474
241,0.272008
242,0.357272
243,0.43693
244,0.509732
245,0.574528
246,0.630297
247,0.676176
248,0.711444
249,0.735548
250,0.748089
251,0.748887
252,0.737934
253,0.715401
254,0.681635
255,0.637157
256,0.582681
257,0.519062
258,0.447296
259,0.368501
260,0.283921
261,0.194886
262,0.102793
263,0.00908476
264,-0.0847661
265,-0.177285
266,-0.267022
267,-0.35257
268,-0.432581
269,-0.505795
270,-0.571072
271,-0.627387
272,-0.673858
273,-0.709736
274,-0.734473
275,-0.747685
276,-0.749163
277,-0.738881
278,-0.716985
279,-0.683838
280,-0.639961
281,-0.58604
282,-0.522912
283,-0.451572
284,-0.373146
285,-0.288864
286,-0.200047
287,-0.108085
288,-0.014429
289,0.0794534
290,0.17209
291,0.262025
292,0.347842
293,0.4282
294,0.501838
295,0.567603
296,0.624446
297,0.671486
298,0.707987
299,0.733379
300,0.747259
301,0.749393
302,0.739767
303,0.718532
304,0.686022
305,0.642734
306,0.589351
307,0.52672
308,0.455824
309,0.377774
310,0.293784
311,0.205185
312,0.113367
313,0.0197684
314,-0.0741413
315,-0.166885
316,-0.257009
317,-0.343101
318,-0.423809
319,-0.497857
320,-0.564088
321,-0.621466
322,-0.669092
323,-0.706217
324,-0.73224
325,-0.746772
326,-0.749585
327,-0.740636
328,-0.720052
329,-0.688158
330,-0.645466
331,-0.592644
332,-0.530522
333,-0.46006
334,-0.382377
335,-0.298694
336,-0.210323
337,-0.118649
338,-0.025111
339,0.06882
340,0.161671
341,0.251986
342,0.338343
343,0.419385
344,0.493845
345,0.560556
346,0.618471
347,0.666661
348,0.704389
349,0.731064
350,0.746267
351,0.749749
352,0.741451
353,0.721519
354,0.690265
355,0.648178
356,0.595903
357,0.534274
358,0.464261
359,0.386963
360,0.303588
361,0.215443
362,0.123917
363,0.0304479
364,-0.0635007
365,-0.156452
366,-0.246946
367,-0.333563
368,-0.414946
369,-0.48982
370,-0.556991
371,-0.615421
372,-0.664193
373,-0.702543
374,-0.729861
375,-0.74571
376,-0.749857
377,-0.742238
378,-0.722971
379,-0.692341
380,-0.650842
381,-0.59913
382,-0.538016
383,-0.468456
384,-0.391532
385,-0.308465
386,-0.220557
387,-0.129188
388,-0.0357881
389,0.0581729
390,0.15122
391,0.241894
392,0.328774
393,0.410486
394,0.485753
395,0.553397
396,0.612358
397,0.661704
398,0.700651
399,0.728603
400,0.745122
401,0.749948
402,0.742989
403,0.724363
404,0.694371
405,0.653482
406,0.602336
407,0.541721
408,0.472605
409,0.396074
410,0.313327
411,0.225657
412,0.134444
413,0.0411211
414,-0.0528468
415,-0.145987
416,-0.236832
417,-0.323959
418,-0.406001
419,-0.481673
420,-0.549784
421,-0.609254
422,-0.659162
423,-0.698727
424,-0.727327
425,-0.7445
426,-0.74998
427,-0.743692
428,-0.725734
429,-0.696386
430,-0.656089
431,-0.605497
432,-0.545403
433,-0.47675
434,-0.400609
435,-0.318174
436,-0.230747
437,-0.139699
438,-0.0464579
439,0.0475142
440,0.140739
441,0.231755
442,0.319134
443,0.401505
444,0.477564
445,0.546128
446,0.606122
447,0.656606
448,0.696774
449,0.725998
450,0.743828
451,0.749987
452,0.744376
453,0.727063
454,0.698338
455,0.658656
456,0.608637
457,0.54906
458,0.480856
459,0.405107
460,0.323001
461,0.235825
462,0.144943
463,0.0517862
464,-0.0421825
465,-0.13549
466,-0.226672
467,-0.314291
468,-0.396976
469,-0.473431
470,-0.542458
471,-0.602965
472,-0.654
473,-0.694771
474,-0.72464
475,-0.743138
476,-0.749954
477,-0.744998
478,-0.728352
479,-0.700276
480,-0.661205
481,-0.611742
482,-0.552681
483,-0.484947
484,-0.409602
485,-0.32782
486,-0.240891
487,-0.150183
488,-0.0571176
489,0.0368458
490,0.13023
491,0.221568
492,0.30943
493,0.392437
494,0.469281
495,0.538751
496,0.599766
497,0.65137
498,0.692753
499,0.723247
500,0.742387
501,0.749877
502,0.745599
503,0.729617
504,0.702167
505,0.663698
506,0.614815
507,0.556283
508,0.489011
509,0.414059
510,0.332611
511,0.245943
512,0.155414
513,0.0624411
514,-0.0315099
515,-0.124966
516,-0.216462
517,-0.304559
518,-0.387871
519,-0.465095
520,-0.53502
521,-0.596551
522,-0.648707
523,-0.690677
524,-0.721809
525,-0.741614
526,-0.749778
527,-0.746156
528,-0.730825
529,-0.704026
530,-0.666179
531,-0.617867
532,-0.559849
533,-0.493047
534,-0.418508
535,-0.3374
536,-0.250987
537,-0.160637
538,-0.0677658
539,0.0261692
540,0.119695
541,0.211338
542,0.299664
543,0.383288
544,0.460898
545,0.531266
546,0.593291
547,0.646005
548,0.688582
549,0.720353
550,0.740798
551,0.749618
552,0.746674
553,0.732014
554,0.705855
555,0.668608
556,0.62087
557,0.563389
558,0.497065
559,0.422929
560,0.342154
561,0.256011
562,0.16585
563,0.0730837
564,-0.0208309
565,-0.114417
566,-0.206208
567,-0.294764
568,-0.378689
569,-0.456666
570,-0.527476
571,-0.59001
572,-0.643285
573,-0.686446
574,-0.718834
575,-0.739942
576,-0.749438
577,-0.747166
578,-0.733153
579,-0.707636
580,-0.671015
581,-0.623863
582,-0.566906
583,-0.50105
584,-0.427331
585,-0.346905
586,-0.261034
587,-0.171058
588,-0.0784005
589,0.0154876
590,0.109134
591,0.201066
592,0.289839
593,0.374064
594,0.452418
595,0.523674
596,0.586697
597,0.640511
598,0.684274
599,0.717299
600,0.739061
601,0.749209
602,0.7476
603,0.73426
604,0.709397
605,0.673386
606,0.626802
607,0.570382
608,0.505012
609,0.431714
610,0.351629
611,0.266028
612,0.176253
613,0.0837103
614,-0.0101476
615,-0.103846
616,-0.195913
617,-0.284906
618,-0.36943
619,-0.448146
620,-0.519827
621,-0.58335
622,-0.63772
623,-0.682078
624,-0.715716
625,-0.738122
626,-0.748946
627,-0.748017
628,-0.735335
629,-0.711105
630,-0.675717
631,-0.629725
632,-0.57385
633,-0.508952
634,-0.436068
635,-0.356342
636,-0.271023
637,-0.181446
638,-0.0890195
639,0.00480291
640,0.0985501
641,0.190752
642,0.279956
643,0.364764
644,0.443848
645,0.515967
646,0.579987
647,0.63489
648,0.67983
649,0.714101
650,0.737167
651,0.748651
652,0.748377
653,0.73636
654,0.712787
655,0.678028
656,0.632609
657,0.577262
658,0.512858
659,0.440405
660,0.361035
661,0.275992
662,0.18662
663,0.0943198
664,0.000537805
665,-0.0932532
666,-0.185579
667,-0.274991
668,-0.360089
669,-0.439537
670,-0.512074
671,-0.576575
672,-0.632028
673,-0.677563
674,-0.712455
675,-0.736156
676,-0.748305
677,-0.748711
678,-0.737368
679,-0.714433
680,-0.680285
681,-0.635462
682,-0.580666
683,-0.516753
684,-0.444719
685,-0.365707
686,-0.280957
687,-0.191796
688,-0.099621
689,-0.0058827
690,0.0879471
691,0.180397
692,0.270018
693,0.355393
694,0.435189
695,0.508156
696,0.57315
697,0.629142
698,0.67525
699,0.710761
700,0.735118
701,0.74794
702,0.749005
703,0.738313
704,0.716035
705,0.68252
706,0.63829
707,0.584028
708,0.520602
709,0.449006
710,0.370364
711,0.285902
712,0.196951
713,0.10491
714,0.0112229
715,-0.0826421
716,-0.175208
717,-0.265022
718,-0.350678
719,-0.430831
720,-0.504219
721,-0.569685
722,-0.626209
723,-0.672908
724,-0.709047
725,-0.734043
726,-0.747514
727,-0.749255
728,-0.739239
729,-0.717618
730,-0.684717
731,-0.641071
732,-0.587366
733,-0.524444
734,-0.453281
735,-0.375
736,-0.290834
737,-0.202105
738,-0.110202
739,-0.0165672
740,0.0773265
741,0.170006
742,0.260019
743,0.34595
744,0.426444
745,0.500245
746,0.566196
747,0.623263
748,0.670536
749,0.707279
750,0.732923
751,0.747067
752,0.749485
753,0.740119
754,0.71914
755,0.686876
756,0.643833
757,0.590677
758,0.528242
759,0.457518
760,0.379615
761,0.295753
762,0.207242
763,0.11548
764,0.0219059
765,-0.0720126
766,-0.164802
767,-0.255
768,-0.341196
769,-0.422038
770,-0.496258
771,-0.562681
772,-0.620267
773,-0.668119
774,-0.705487
775,-0.731784
776,-0.746575
777,-0.749651
778,-0.740962
779,-0.720647
780,-0.689013
781,-0.646554
782,-0.59395
783,-0.532025
784,-0.46175
785,-0.384218
786,-0.300654
787,-0.212374
788,-0.12076
789,-0.0272485
790,0.0666905
791,0.159582
792,0.249968
793,0.336434
794,0.417614
795,0.492234
796,0.559129
797,0.617251
798,0.665687
799,0.703657
800,0.730583
801,0.746044
802,0.749798
803,0.741778
804,0.722102
805,0.691095
806,0.649243
807,0.597203
808,0.535776
809,0.465939
810,0.38879
811,0.30554
812,0.217493
813,0.126027
814,0.0325844
815,-0.061369
816,-0.15436
817,-0.244928
818,-0.331647
819,-0.413161
820,-0.488192
821,-0.55284
822,-0.608179
823,-0.653444
824,-0.688025
825,-0.711486
826,-0.723561
827,-0.724165
828,-0.713419
829,-0.691608
830,-0.659185
831,-0.616756
832,-0.565096
833,-0.50512
834,-0.437856
835,-0.364436
836,-0.286068
837,-0.20405
838,-0.119708
839,-0.0343918
840,0.050547
841,0.133774
842,0.214
843,0.289996
844,0.360616
845,0.424796
846,0.481605
847,0.530233
848,0.570008
849,0.600399
850,0.621023
851,0.631682
852,0.63232
853,0.623043
854,0.604101
855,0.575906
856,0.53902
857,0.494124
858,0.442019
859,0.383598
860,0.319871
861,0.251903
862,0.180817
863,0.107766
864,0.0339265
865,-0.0395264
866,-0.111442
867,-0.180707
868,-0.246259
869,-0.307114
870,-0.362375
871,-0.411242
872,-0.453028
873,-0.487154
874,-0.513195
875,-0.530845
876,-0.539939
877,-0.540436
878,-0.532447
879,-0.516218
880,-0.492119
881,-0.460635
882,-0.422352
883,-0.377982
884,-0.32831
885,-0.274194
886,-0.216547
887,-0.156329
888,-0.0945328
889,-0.0321562
890,0.0298085
891,0.0903872
892,0.148642
893,0.203689
894,0.254707
895,0.300949
896,0.34175
897,0.376554
898,0.404907
899,0.426458
900,0.440969
901,0.448319
902,0.448514
903,0.441665
904,0.427995
905,0.40782
906,0.381577
907,0.349783
908,0.313036
909,0.271998
910,0.227389
911,0.179985
912,0.130585
913,0.0800078
914,0.0290744
915,-0.0213978
916,-0.0706156
917,-0.117821
918,-0.1623
919,-0.203392
920,-0.24051
921,-0.273139
922,-0.300845
923,-0.323278
924,-0.340179
925,-0.351393
926,-0.356853
927,-0.356587
928,-0.350704
929,-0.339419
930,-0.323025
931,-0.301888
932,-0.276444
933,-0.247184
934,-0.214665
935,-0.179478
936,-0.142242
937,-0.103597
938,-0.0641955
939,-0.0246872
940,0.0142921
941,0.0521292
942,0.0882408
943,0.122088
944,0.15318
945,0.181084
946,0.205426
947,0.225898
948,0.24227
949,0.254383
950,0.26215
951,0.26555
952,0.264649
953,0.259575
954,0.250526
955,0.237754
956,0.221565
957,0.202325
958,0.180435
959,0.156328
960,0.130461
961,0.10331
962,0.0753605
963,0.0470965
964,0.0189919
965,-0.00849523
966,-0.0349298
967,-0.0599091
968,-0.0830673
969,-0.10408
970,-0.122669
971,-0.13861
972,-0.151729
973,-0.161909
974,-0.16908
975,-0.173236
976,-0.17442
977,-0.172729
978,-0.168301
979,-0.161318
980,-0.152007
981,-0.140625
982,-0.127457
983,-0.112805
984,-0.0969918
985,-0.0803474
986,-0.0632037
987,-0.0458879
988,-0.0287164
989,-0.0119918
990,0.00400528
991,0.0190207
992,0.0328295
993,0.0452394
994,0.0560952
995,0.065279
996,0.0727116
997,0.0783511
998,0.0821953
999,0.0842803
1000,0.084676
1001,0.0834845
1002,0.0808341
1003,0.0768838
1004,0.0718107
1005,0.0658083
1006,0.0590807
1007,0.0518391
1008,0.0442977
1009,0.0366661
1010,0.0291458
1011,0.0219253
1012,0.0151776
1013,0.00905523
1014,0.00368682
1015,-0.000824708
1016,-0.00440407
1017,-0.00700516
1018,-0.00861156
1019,-0.00923631
1020,-0.00892103
1021,-0.00773464
1022,-0
1023,-0.00314792
